(kicad_pcb (version 20171130) (host pcbnew "(5.1.10-1-10_14)")

  (general
    (thickness 1.6)
    (drawings 9)
    (tracks 121)
    (zones 0)
    (modules 19)
    (nets 12)
  )

  (page A4)
  (layers
    (0 F.Cu signal)
    (31 B.Cu signal)
    (32 B.Adhes user)
    (33 F.Adhes user)
    (34 B.Paste user)
    (35 F.Paste user)
    (36 B.SilkS user)
    (37 F.SilkS user)
    (38 B.Mask user)
    (39 F.Mask user)
    (40 Dwgs.User user)
    (41 Cmts.User user)
    (42 Eco1.User user)
    (43 Eco2.User user)
    (44 Edge.Cuts user)
    (45 Margin user)
    (46 B.CrtYd user)
    (47 F.CrtYd user)
    (48 B.Fab user hide)
    (49 F.Fab user hide)
  )

  (setup
    (last_trace_width 0.25)
    (user_trace_width 0.5)
    (trace_clearance 0.2)
    (zone_clearance 0.508)
    (zone_45_only no)
    (trace_min 0.2)
    (via_size 0.8)
    (via_drill 0.4)
    (via_min_size 0.4)
    (via_min_drill 0.3)
    (uvia_size 0.3)
    (uvia_drill 0.1)
    (uvias_allowed no)
    (uvia_min_size 0.2)
    (uvia_min_drill 0.1)
    (edge_width 0.05)
    (segment_width 0.2)
    (pcb_text_width 0.3)
    (pcb_text_size 1.5 1.5)
    (mod_edge_width 0.12)
    (mod_text_size 1 1)
    (mod_text_width 0.15)
    (pad_size 1.524 1.524)
    (pad_drill 0.762)
    (pad_to_mask_clearance 0)
    (aux_axis_origin 0 0)
    (visible_elements FFFFFF7F)
    (pcbplotparams
      (layerselection 0x010fc_ffffffff)
      (usegerberextensions false)
      (usegerberattributes true)
      (usegerberadvancedattributes true)
      (creategerberjobfile true)
      (excludeedgelayer true)
      (linewidth 0.100000)
      (plotframeref false)
      (viasonmask false)
      (mode 1)
      (useauxorigin false)
      (hpglpennumber 1)
      (hpglpenspeed 20)
      (hpglpendiameter 15.000000)
      (psnegative false)
      (psa4output false)
      (plotreference true)
      (plotvalue true)
      (plotinvisibletext false)
      (padsonsilk false)
      (subtractmaskfromsilk false)
      (outputformat 1)
      (mirror false)
      (drillshape 1)
      (scaleselection 1)
      (outputdirectory ""))
  )

  (net 0 "")
  (net 1 GND)
  (net 2 V+)
  (net 3 "Net-(C3-Pad2)")
  (net 4 "Net-(R1-Pad1)")
  (net 5 "Net-(R2-Pad2)")
  (net 6 /VCC)
  (net 7 /IN-)
  (net 8 ext_coil+)
  (net 9 ext_coil-)
  (net 10 out)
  (net 11 mix)

  (net_class Default "This is the default net class."
    (clearance 0.2)
    (trace_width 0.25)
    (via_dia 0.8)
    (via_drill 0.4)
    (uvia_dia 0.3)
    (uvia_drill 0.1)
    (add_net /IN-)
    (add_net /VCC)
    (add_net GND)
    (add_net "Net-(C3-Pad2)")
    (add_net "Net-(R1-Pad1)")
    (add_net "Net-(R2-Pad2)")
    (add_net V+)
    (add_net ext_coil+)
    (add_net ext_coil-)
    (add_net mix)
    (add_net out)
  )

  (module cycfi_library:cycfi-logo-15mm (layer F.Cu) (tedit 0) (tstamp 60CD1FBF)
    (at 113 116.4)
    (fp_text reference G*** (at 0 0) (layer F.SilkS) hide
      (effects (font (size 1.524 1.524) (thickness 0.3)))
    )
    (fp_text value LOGO (at 0.75 0) (layer F.SilkS) hide
      (effects (font (size 1.524 1.524) (thickness 0.3)))
    )
    (fp_poly (pts (xy -3.899297 -0.386953) (xy -5.199062 -0.377031) (xy -5.474006 -0.374756) (xy -5.711556 -0.372387)
      (xy -5.914006 -0.369862) (xy -6.083651 -0.367124) (xy -6.222785 -0.364111) (xy -6.333702 -0.360765)
      (xy -6.418696 -0.357025) (xy -6.48006 -0.352832) (xy -6.52009 -0.348127) (xy -6.541078 -0.342848)
      (xy -6.542623 -0.342064) (xy -6.568902 -0.319795) (xy -6.587965 -0.283686) (xy -6.601 -0.227823)
      (xy -6.609196 -0.146292) (xy -6.61374 -0.033178) (xy -6.614715 0.016661) (xy -6.615141 0.111599)
      (xy -6.612047 0.175319) (xy -6.604283 0.216223) (xy -6.590698 0.24271) (xy -6.582463 0.252079)
      (xy -6.573561 0.259185) (xy -6.560089 0.265307) (xy -6.539159 0.270534) (xy -6.507887 0.274953)
      (xy -6.463387 0.278652) (xy -6.402774 0.281721) (xy -6.323162 0.284246) (xy -6.221664 0.286315)
      (xy -6.095397 0.288018) (xy -5.941473 0.289441) (xy -5.757007 0.290674) (xy -5.539114 0.291803)
      (xy -5.284908 0.292918) (xy -5.238049 0.293111) (xy -3.929062 0.298488) (xy -3.929333 0.491549)
      (xy -3.930653 0.580089) (xy -3.933967 0.657659) (xy -3.938693 0.712908) (xy -3.94157 0.729258)
      (xy -3.953535 0.773906) (xy -5.246025 0.771267) (xy -5.473906 0.770552) (xy -5.693844 0.769383)
      (xy -5.90199 0.767811) (xy -6.094496 0.765887) (xy -6.267515 0.763662) (xy -6.417198 0.761187)
      (xy -6.539697 0.758513) (xy -6.631164 0.755692) (xy -6.687752 0.752773) (xy -6.695978 0.752037)
      (xy -6.859542 0.726827) (xy -6.990379 0.687492) (xy -7.093859 0.631035) (xy -7.175349 0.554459)
      (xy -7.240219 0.454768) (xy -7.244869 0.445669) (xy -7.307959 0.320117) (xy -7.295069 0.075723)
      (xy -7.285359 -0.089315) (xy -7.275019 -0.220374) (xy -7.263136 -0.323162) (xy -7.248793 -0.403388)
      (xy -7.231075 -0.46676) (xy -7.209066 -0.518985) (xy -7.195776 -0.543369) (xy -7.130345 -0.629968)
      (xy -7.042823 -0.699435) (xy -6.926072 -0.756868) (xy -6.865937 -0.778851) (xy -6.84059 -0.787177)
      (xy -6.815353 -0.794385) (xy -6.787271 -0.80057) (xy -6.753391 -0.805828) (xy -6.710759 -0.810254)
      (xy -6.656422 -0.813944) (xy -6.587424 -0.816993) (xy -6.500813 -0.819497) (xy -6.393634 -0.82155)
      (xy -6.262933 -0.823248) (xy -6.105757 -0.824687) (xy -5.919151 -0.825962) (xy -5.700162 -0.827168)
      (xy -5.445836 -0.828401) (xy -5.312504 -0.829021) (xy -3.888055 -0.835603) (xy -3.899297 -0.386953)) (layer F.SilkS) (width 0.01))
    (fp_poly (pts (xy -2.956719 -0.647997) (xy -2.957738 -0.58909) (xy -2.958659 -0.539739) (xy -2.956279 -0.499084)
      (xy -2.947393 -0.466267) (xy -2.928797 -0.44043) (xy -2.897288 -0.420712) (xy -2.849661 -0.406254)
      (xy -2.782713 -0.396199) (xy -2.69324 -0.389686) (xy -2.578037 -0.385856) (xy -2.433901 -0.383851)
      (xy -2.257629 -0.382812) (xy -2.046015 -0.381879) (xy -1.962464 -0.381415) (xy -1.051719 -0.375878)
      (xy -1.051719 -0.542646) (xy -1.05024 -0.628784) (xy -1.046319 -0.707089) (xy -1.040733 -0.763256)
      (xy -1.039316 -0.771426) (xy -1.026914 -0.833437) (xy -0.3175 -0.833437) (xy -0.318076 -0.729258)
      (xy -0.31904 -0.679008) (xy -0.321419 -0.596452) (xy -0.324964 -0.488937) (xy -0.32943 -0.363811)
      (xy -0.334569 -0.22842) (xy -0.336932 -0.168672) (xy -0.344767 0.007063) (xy -0.353438 0.148228)
      (xy -0.364092 0.259938) (xy -0.377878 0.347308) (xy -0.395943 0.415455) (xy -0.419434 0.469494)
      (xy -0.449499 0.514542) (xy -0.487286 0.555713) (xy -0.502691 0.570285) (xy -0.556496 0.615065)
      (xy -0.61531 0.652978) (xy -0.682722 0.684562) (xy -0.762324 0.710353) (xy -0.857707 0.730889)
      (xy -0.97246 0.746707) (xy -1.110175 0.758342) (xy -1.274444 0.766333) (xy -1.468855 0.771216)
      (xy -1.697001 0.773528) (xy -1.86453 0.773906) (xy -2.54 0.773906) (xy -2.539729 0.58043)
      (xy -2.538413 0.491804) (xy -2.535105 0.414152) (xy -2.530387 0.358804) (xy -2.527493 0.342305)
      (xy -2.515527 0.297656) (xy -1.858037 0.297364) (xy -1.665543 0.297124) (xy -1.508964 0.296186)
      (xy -1.38453 0.293933) (xy -1.288468 0.289753) (xy -1.217007 0.283032) (xy -1.166375 0.273155)
      (xy -1.132802 0.259508) (xy -1.112514 0.241479) (xy -1.101741 0.218451) (xy -1.096711 0.189813)
      (xy -1.095169 0.173177) (xy -1.089011 0.099219) (xy -2.011507 0.099219) (xy -2.224992 0.098748)
      (xy -2.424635 0.097388) (xy -2.606374 0.095217) (xy -2.766152 0.092316) (xy -2.899907 0.088763)
      (xy -3.003582 0.084637) (xy -3.073115 0.080017) (xy -3.089228 0.078219) (xy -3.259652 0.040939)
      (xy -3.406875 -0.020472) (xy -3.527112 -0.103736) (xy -3.616575 -0.206575) (xy -3.644441 -0.255834)
      (xy -3.660443 -0.308571) (xy -3.674065 -0.38923) (xy -3.684451 -0.486075) (xy -3.690747 -0.587371)
      (xy -3.692098 -0.68138) (xy -3.687648 -0.756367) (xy -3.682875 -0.783483) (xy -3.670338 -0.833437)
      (xy -2.956719 -0.833437) (xy -2.956719 -0.647997)) (layer F.SilkS) (width 0.01))
    (fp_poly (pts (xy 3.254375 -0.668218) (xy 3.252899 -0.582003) (xy 3.248988 -0.503629) (xy 3.243413 -0.447371)
      (xy 3.241973 -0.439043) (xy 3.22957 -0.377031) (xy 2.016621 -0.376558) (xy 1.75028 -0.376283)
      (xy 1.520793 -0.375601) (xy 1.325327 -0.374393) (xy 1.161052 -0.372541) (xy 1.025134 -0.369924)
      (xy 0.914742 -0.366423) (xy 0.827043 -0.36192) (xy 0.759204 -0.356295) (xy 0.708395 -0.349429)
      (xy 0.671781 -0.341203) (xy 0.646532 -0.331498) (xy 0.629815 -0.320193) (xy 0.627613 -0.318099)
      (xy 0.617342 -0.286989) (xy 0.6101 -0.218599) (xy 0.606061 -0.11523) (xy 0.605234 -0.02452)
      (xy 0.605449 0.083883) (xy 0.606848 0.159378) (xy 0.610567 0.208743) (xy 0.617739 0.238757)
      (xy 0.629501 0.256199) (xy 0.646985 0.267847) (xy 0.654844 0.271899) (xy 0.674009 0.277277)
      (xy 0.71039 0.281897) (xy 0.766441 0.285808) (xy 0.844618 0.289057) (xy 0.947375 0.291694)
      (xy 1.077167 0.293764) (xy 1.236448 0.295317) (xy 1.427674 0.2964) (xy 1.653299 0.297062)
      (xy 1.915778 0.29735) (xy 1.95957 0.297364) (xy 3.214688 0.297656) (xy 3.214515 0.431602)
      (xy 3.212392 0.521389) (xy 3.207089 0.61367) (xy 3.201829 0.669727) (xy 3.189316 0.773906)
      (xy 1.887353 0.771332) (xy 1.658983 0.770624) (xy 1.438818 0.769447) (xy 1.230654 0.767855)
      (xy 1.038289 0.765899) (xy 0.865519 0.76363) (xy 0.716141 0.7611) (xy 0.593954 0.758361)
      (xy 0.502753 0.755465) (xy 0.446335 0.752463) (xy 0.436985 0.751575) (xy 0.260467 0.720331)
      (xy 0.117926 0.670915) (xy 0.007588 0.602383) (xy -0.072323 0.513794) (xy -0.098914 0.466958)
      (xy -0.114402 0.432968) (xy -0.125647 0.400064) (xy -0.133154 0.361656) (xy -0.137435 0.311152)
      (xy -0.138996 0.241962) (xy -0.138347 0.147495) (xy -0.135996 0.021161) (xy -0.135418 -0.006114)
      (xy -0.132285 -0.139632) (xy -0.128833 -0.240394) (xy -0.12422 -0.31533) (xy -0.1176 -0.371368)
      (xy -0.10813 -0.415437) (xy -0.094965 -0.454466) (xy -0.077262 -0.495382) (xy -0.075286 -0.499679)
      (xy -0.014643 -0.598975) (xy 0.068976 -0.678188) (xy 0.181572 -0.742084) (xy 0.276123 -0.778668)
      (xy 0.301728 -0.787077) (xy 0.327046 -0.794356) (xy 0.355034 -0.800599) (xy 0.38865 -0.805904)
      (xy 0.43085 -0.810365) (xy 0.484592 -0.81408) (xy 0.552832 -0.817142) (xy 0.638527 -0.819649)
      (xy 0.744634 -0.821695) (xy 0.874111 -0.823378) (xy 1.029914 -0.824792) (xy 1.215 -0.826034)
      (xy 1.432327 -0.827199) (xy 1.68485 -0.828383) (xy 1.830586 -0.829036) (xy 3.254375 -0.83538)
      (xy 3.254375 -0.668218)) (layer F.SilkS) (width 0.01))
    (fp_poly (pts (xy 5.988229 -0.834816) (xy 6.149637 -0.834371) (xy 6.291955 -0.83351) (xy 6.411136 -0.832215)
      (xy 6.503131 -0.830463) (xy 6.56389 -0.828235) (xy 6.589365 -0.82551) (xy 6.589779 -0.825249)
      (xy 6.592575 -0.803308) (xy 6.593835 -0.750078) (xy 6.593483 -0.673928) (xy 6.591848 -0.597046)
      (xy 6.585649 -0.377031) (xy 5.49052 -0.375848) (xy 5.229234 -0.375348) (xy 5.004862 -0.37438)
      (xy 4.814633 -0.372839) (xy 4.655774 -0.370617) (xy 4.525514 -0.367607) (xy 4.421081 -0.363702)
      (xy 4.339703 -0.358794) (xy 4.278609 -0.352776) (xy 4.235027 -0.345541) (xy 4.206185 -0.336982)
      (xy 4.189311 -0.326991) (xy 4.187733 -0.32546) (xy 4.174327 -0.294908) (xy 4.164535 -0.244185)
      (xy 4.163899 -0.238125) (xy 4.157266 -0.168672) (xy 4.985742 -0.163493) (xy 5.814219 -0.158315)
      (xy 5.8141 -0.09404) (xy 5.812494 -0.043514) (xy 5.808351 0.031865) (xy 5.8025 0.117406)
      (xy 5.801237 0.133945) (xy 5.788493 0.297656) (xy 4.131886 0.297656) (xy 4.117578 0.535781)
      (xy 4.103271 0.773906) (xy 3.387654 0.773906) (xy 3.401756 0.253008) (xy 3.407957 0.056234)
      (xy 3.415363 -0.105383) (xy 3.424709 -0.23637) (xy 3.436731 -0.341253) (xy 3.452165 -0.424561)
      (xy 3.471746 -0.490821) (xy 3.496211 -0.544559) (xy 3.526293 -0.590303) (xy 3.541913 -0.609549)
      (xy 3.631888 -0.687259) (xy 3.753467 -0.750049) (xy 3.900476 -0.795159) (xy 3.994991 -0.812138)
      (xy 4.036122 -0.815228) (xy 4.110798 -0.818168) (xy 4.21497 -0.820939) (xy 4.344589 -0.82352)
      (xy 4.495606 -0.82589) (xy 4.663972 -0.828029) (xy 4.845639 -0.829917) (xy 5.036558 -0.831532)
      (xy 5.232681 -0.832856) (xy 5.429958 -0.833866) (xy 5.624341 -0.834543) (xy 5.811781 -0.834866)
      (xy 5.988229 -0.834816)) (layer F.SilkS) (width 0.01))
    (fp_poly (pts (xy 7.471225 -0.352684) (xy 7.466241 -0.194173) (xy 7.460755 -0.026692) (xy 7.455154 0.13842)
      (xy 7.449823 0.289823) (xy 7.445151 0.416179) (xy 7.443975 0.446484) (xy 7.431484 0.763984)
      (xy 6.701954 0.774822) (xy 6.71704 0.273309) (xy 6.721963 0.114541) (xy 6.727347 -0.050789)
      (xy 6.732836 -0.212277) (xy 6.738072 -0.359518) (xy 6.742698 -0.482105) (xy 6.744462 -0.525859)
      (xy 6.756797 -0.823516) (xy 7.12139 -0.828934) (xy 7.485984 -0.834351) (xy 7.471225 -0.352684)) (layer F.SilkS) (width 0.01))
  )

  (module Diode_SMD:D_SOD-323 (layer F.Cu) (tedit 58641739) (tstamp 60CC4FB4)
    (at 111.5 102.5)
    (descr SOD-323)
    (tags SOD-323)
    (path /60CC8B99)
    (attr smd)
    (fp_text reference D1 (at 0 -1.85) (layer F.SilkS) hide
      (effects (font (size 1 1) (thickness 0.15)))
    )
    (fp_text value CUS551V30,H3F (at 0.1 1.9) (layer F.Fab)
      (effects (font (size 1 1) (thickness 0.15)))
    )
    (fp_line (start -1.5 -0.85) (end 1.05 -0.85) (layer F.SilkS) (width 0.12))
    (fp_line (start -1.5 0.85) (end 1.05 0.85) (layer F.SilkS) (width 0.12))
    (fp_line (start -1.6 -0.95) (end -1.6 0.95) (layer F.CrtYd) (width 0.05))
    (fp_line (start -1.6 0.95) (end 1.6 0.95) (layer F.CrtYd) (width 0.05))
    (fp_line (start 1.6 -0.95) (end 1.6 0.95) (layer F.CrtYd) (width 0.05))
    (fp_line (start -1.6 -0.95) (end 1.6 -0.95) (layer F.CrtYd) (width 0.05))
    (fp_line (start -0.9 -0.7) (end 0.9 -0.7) (layer F.Fab) (width 0.1))
    (fp_line (start 0.9 -0.7) (end 0.9 0.7) (layer F.Fab) (width 0.1))
    (fp_line (start 0.9 0.7) (end -0.9 0.7) (layer F.Fab) (width 0.1))
    (fp_line (start -0.9 0.7) (end -0.9 -0.7) (layer F.Fab) (width 0.1))
    (fp_line (start -0.3 -0.35) (end -0.3 0.35) (layer F.Fab) (width 0.1))
    (fp_line (start -0.3 0) (end -0.5 0) (layer F.Fab) (width 0.1))
    (fp_line (start -0.3 0) (end 0.2 -0.35) (layer F.Fab) (width 0.1))
    (fp_line (start 0.2 -0.35) (end 0.2 0.35) (layer F.Fab) (width 0.1))
    (fp_line (start 0.2 0.35) (end -0.3 0) (layer F.Fab) (width 0.1))
    (fp_line (start 0.2 0) (end 0.45 0) (layer F.Fab) (width 0.1))
    (fp_line (start -1.5 -0.85) (end -1.5 0.85) (layer F.SilkS) (width 0.12))
    (fp_text user %R (at 0 -1.85) (layer F.Fab) hide
      (effects (font (size 1 1) (thickness 0.15)))
    )
    (pad 1 smd rect (at -1.05 0) (size 0.6 0.45) (layers F.Cu F.Paste F.Mask)
      (net 2 V+))
    (pad 2 smd rect (at 1.05 0) (size 0.6 0.45) (layers F.Cu F.Paste F.Mask)
      (net 6 /VCC))
    (model ${KISYS3DMOD}/Diode_SMD.3dshapes/D_SOD-323.wrl
      (at (xyz 0 0 0))
      (scale (xyz 1 1 1))
      (rotate (xyz 0 0 0))
    )
  )

  (module Capacitor_SMD:C_0603_1608Metric (layer F.Cu) (tedit 5F68FEEE) (tstamp 60CC4F7A)
    (at 108.5 103 270)
    (descr "Capacitor SMD 0603 (1608 Metric), square (rectangular) end terminal, IPC_7351 nominal, (Body size source: IPC-SM-782 page 76, https://www.pcb-3d.com/wordpress/wp-content/uploads/ipc-sm-782a_amendment_1_and_2.pdf), generated with kicad-footprint-generator")
    (tags capacitor)
    (path /60CCA260)
    (attr smd)
    (fp_text reference C1 (at 0 -1.43 90) (layer F.SilkS) hide
      (effects (font (size 1 1) (thickness 0.15)))
    )
    (fp_text value 4.5uF (at 0 1.43 90) (layer F.Fab)
      (effects (font (size 1 1) (thickness 0.15)))
    )
    (fp_line (start -0.8 0.4) (end -0.8 -0.4) (layer F.Fab) (width 0.1))
    (fp_line (start -0.8 -0.4) (end 0.8 -0.4) (layer F.Fab) (width 0.1))
    (fp_line (start 0.8 -0.4) (end 0.8 0.4) (layer F.Fab) (width 0.1))
    (fp_line (start 0.8 0.4) (end -0.8 0.4) (layer F.Fab) (width 0.1))
    (fp_line (start -0.14058 -0.51) (end 0.14058 -0.51) (layer F.SilkS) (width 0.12))
    (fp_line (start -0.14058 0.51) (end 0.14058 0.51) (layer F.SilkS) (width 0.12))
    (fp_line (start -1.48 0.73) (end -1.48 -0.73) (layer F.CrtYd) (width 0.05))
    (fp_line (start -1.48 -0.73) (end 1.48 -0.73) (layer F.CrtYd) (width 0.05))
    (fp_line (start 1.48 -0.73) (end 1.48 0.73) (layer F.CrtYd) (width 0.05))
    (fp_line (start 1.48 0.73) (end -1.48 0.73) (layer F.CrtYd) (width 0.05))
    (fp_text user %R (at 0 0 90) (layer F.Fab)
      (effects (font (size 0.4 0.4) (thickness 0.06)))
    )
    (pad 2 smd roundrect (at 0.775 0 270) (size 0.9 0.95) (layers F.Cu F.Paste F.Mask) (roundrect_rratio 0.25)
      (net 1 GND))
    (pad 1 smd roundrect (at -0.775 0 270) (size 0.9 0.95) (layers F.Cu F.Paste F.Mask) (roundrect_rratio 0.25)
      (net 2 V+))
    (model ${KISYS3DMOD}/Capacitor_SMD.3dshapes/C_0603_1608Metric.wrl
      (at (xyz 0 0 0))
      (scale (xyz 1 1 1))
      (rotate (xyz 0 0 0))
    )
  )

  (module Capacitor_SMD:C_0402_1005Metric (layer F.Cu) (tedit 5F68FEEE) (tstamp 60CC4F8B)
    (at 106.5 102.52 270)
    (descr "Capacitor SMD 0402 (1005 Metric), square (rectangular) end terminal, IPC_7351 nominal, (Body size source: IPC-SM-782 page 76, https://www.pcb-3d.com/wordpress/wp-content/uploads/ipc-sm-782a_amendment_1_and_2.pdf), generated with kicad-footprint-generator")
    (tags capacitor)
    (path /60CCB141)
    (attr smd)
    (fp_text reference C2 (at 0 -1.16 90) (layer F.SilkS) hide
      (effects (font (size 1 1) (thickness 0.15)))
    )
    (fp_text value 0.1uF (at 0 1.16 90) (layer F.Fab)
      (effects (font (size 1 1) (thickness 0.15)))
    )
    (fp_line (start 0.91 0.46) (end -0.91 0.46) (layer F.CrtYd) (width 0.05))
    (fp_line (start 0.91 -0.46) (end 0.91 0.46) (layer F.CrtYd) (width 0.05))
    (fp_line (start -0.91 -0.46) (end 0.91 -0.46) (layer F.CrtYd) (width 0.05))
    (fp_line (start -0.91 0.46) (end -0.91 -0.46) (layer F.CrtYd) (width 0.05))
    (fp_line (start -0.107836 0.36) (end 0.107836 0.36) (layer F.SilkS) (width 0.12))
    (fp_line (start -0.107836 -0.36) (end 0.107836 -0.36) (layer F.SilkS) (width 0.12))
    (fp_line (start 0.5 0.25) (end -0.5 0.25) (layer F.Fab) (width 0.1))
    (fp_line (start 0.5 -0.25) (end 0.5 0.25) (layer F.Fab) (width 0.1))
    (fp_line (start -0.5 -0.25) (end 0.5 -0.25) (layer F.Fab) (width 0.1))
    (fp_line (start -0.5 0.25) (end -0.5 -0.25) (layer F.Fab) (width 0.1))
    (fp_text user %R (at 0 0 90) (layer F.Fab)
      (effects (font (size 0.25 0.25) (thickness 0.04)))
    )
    (pad 1 smd roundrect (at -0.48 0 270) (size 0.56 0.62) (layers F.Cu F.Paste F.Mask) (roundrect_rratio 0.25)
      (net 2 V+))
    (pad 2 smd roundrect (at 0.48 0 270) (size 0.56 0.62) (layers F.Cu F.Paste F.Mask) (roundrect_rratio 0.25)
      (net 1 GND))
    (model ${KISYS3DMOD}/Capacitor_SMD.3dshapes/C_0402_1005Metric.wrl
      (at (xyz 0 0 0))
      (scale (xyz 1 1 1))
      (rotate (xyz 0 0 0))
    )
  )

  (module Capacitor_SMD:C_0603_1608Metric (layer F.Cu) (tedit 5F68FEEE) (tstamp 60CC9739)
    (at 107 111 90)
    (descr "Capacitor SMD 0603 (1608 Metric), square (rectangular) end terminal, IPC_7351 nominal, (Body size source: IPC-SM-782 page 76, https://www.pcb-3d.com/wordpress/wp-content/uploads/ipc-sm-782a_amendment_1_and_2.pdf), generated with kicad-footprint-generator")
    (tags capacitor)
    (path /60CE04CF)
    (attr smd)
    (fp_text reference C3 (at 0 -1.43 90) (layer F.SilkS) hide
      (effects (font (size 1 1) (thickness 0.15)))
    )
    (fp_text value 10uF (at 0 1.43 90) (layer F.Fab)
      (effects (font (size 1 1) (thickness 0.15)))
    )
    (fp_line (start 1.48 0.73) (end -1.48 0.73) (layer F.CrtYd) (width 0.05))
    (fp_line (start 1.48 -0.73) (end 1.48 0.73) (layer F.CrtYd) (width 0.05))
    (fp_line (start -1.48 -0.73) (end 1.48 -0.73) (layer F.CrtYd) (width 0.05))
    (fp_line (start -1.48 0.73) (end -1.48 -0.73) (layer F.CrtYd) (width 0.05))
    (fp_line (start -0.14058 0.51) (end 0.14058 0.51) (layer F.SilkS) (width 0.12))
    (fp_line (start -0.14058 -0.51) (end 0.14058 -0.51) (layer F.SilkS) (width 0.12))
    (fp_line (start 0.8 0.4) (end -0.8 0.4) (layer F.Fab) (width 0.1))
    (fp_line (start 0.8 -0.4) (end 0.8 0.4) (layer F.Fab) (width 0.1))
    (fp_line (start -0.8 -0.4) (end 0.8 -0.4) (layer F.Fab) (width 0.1))
    (fp_line (start -0.8 0.4) (end -0.8 -0.4) (layer F.Fab) (width 0.1))
    (fp_text user %R (at 0 0 90) (layer F.Fab)
      (effects (font (size 0.4 0.4) (thickness 0.06)))
    )
    (pad 1 smd roundrect (at -0.775 0 90) (size 0.9 0.95) (layers F.Cu F.Paste F.Mask) (roundrect_rratio 0.25)
      (net 10 out))
    (pad 2 smd roundrect (at 0.775 0 90) (size 0.9 0.95) (layers F.Cu F.Paste F.Mask) (roundrect_rratio 0.25)
      (net 3 "Net-(C3-Pad2)"))
    (model ${KISYS3DMOD}/Capacitor_SMD.3dshapes/C_0603_1608Metric.wrl
      (at (xyz 0 0 0))
      (scale (xyz 1 1 1))
      (rotate (xyz 0 0 0))
    )
  )

  (module cycfi_library:pin_header_2x5p_2.54mm_smd_horizontal (layer F.Cu) (tedit 60CBD75F) (tstamp 60CD187F)
    (at 130 109 180)
    (path /60CB8C21)
    (fp_text reference J1 (at 10 1) (layer F.SilkS) hide
      (effects (font (size 1 1) (thickness 0.15)))
    )
    (fp_text value I/O (at 10 -1) (layer F.Fab)
      (effects (font (size 1 1) (thickness 0.15)))
    )
    (fp_line (start 4.72 -6.35) (end 4.72 6.35) (layer F.SilkS) (width 0.12))
    (fp_line (start 4.72 -6.35) (end 7.26 -6.35) (layer F.SilkS) (width 0.12))
    (fp_line (start 7.26 -6.35) (end 7.26 6.35) (layer F.SilkS) (width 0.12))
    (fp_line (start 7.26 6.35) (end 4.72 6.35) (layer F.SilkS) (width 0.12))
    (fp_line (start -3.18 -6.35) (end 12.72 -6.35) (layer F.Fab) (width 0.12))
    (fp_line (start 12.72 -6.35) (end 12.72 6.35) (layer F.Fab) (width 0.12))
    (fp_line (start 12.72 6.35) (end -3.18 6.35) (layer F.Fab) (width 0.12))
    (fp_line (start -3.18 6.35) (end -3.18 -6.35) (layer F.Fab) (width 0.12))
    (pad 10 smd rect (at 2 -5.08 180) (size 3.1 1.27) (layers F.Cu F.Paste F.Mask)
      (net 10 out))
    (pad 9 smd rect (at 2 -2.54 180) (size 3.1 1.27) (layers F.Cu F.Paste F.Mask)
      (net 11 mix))
    (pad 8 smd rect (at 2 0 180) (size 3.1 1.27) (layers F.Cu F.Paste F.Mask)
      (net 11 mix))
    (pad 7 smd rect (at 2 2.54 180) (size 3.1 1.27) (layers F.Cu F.Paste F.Mask)
      (net 1 GND))
    (pad 6 smd rect (at 2 5.08 180) (size 3.1 1.27) (layers F.Cu F.Paste F.Mask)
      (net 6 /VCC))
    (pad 5 smd rect (at -2 5.08 180) (size 3.1 1.27) (layers F.Cu F.Paste F.Mask)
      (net 8 ext_coil+))
    (pad 4 smd rect (at -2 2.54 180) (size 3.1 1.27) (layers F.Cu F.Paste F.Mask)
      (net 1 GND))
    (pad 3 smd rect (at -2 0 180) (size 3.1 1.27) (layers F.Cu F.Paste F.Mask)
      (net 9 ext_coil-))
    (pad 2 smd rect (at -2 -2.54 180) (size 3.1 1.27) (layers F.Cu F.Paste F.Mask)
      (net 9 ext_coil-))
    (pad 1 smd rect (at -2 -5.08 180) (size 3.1 1.27) (layers F.Cu F.Paste F.Mask)
      (net 8 ext_coil+))
  )

  (module Resistor_SMD:R_0402_1005Metric (layer F.Cu) (tedit 5F68FEEE) (tstamp 60CC5008)
    (at 111.5 104.5 180)
    (descr "Resistor SMD 0402 (1005 Metric), square (rectangular) end terminal, IPC_7351 nominal, (Body size source: IPC-SM-782 page 72, https://www.pcb-3d.com/wordpress/wp-content/uploads/ipc-sm-782a_amendment_1_and_2.pdf), generated with kicad-footprint-generator")
    (tags resistor)
    (path /60CA74D0)
    (attr smd)
    (fp_text reference R1 (at 0 -1.17) (layer F.SilkS) hide
      (effects (font (size 1 1) (thickness 0.15)))
    )
    (fp_text value 39k (at 0 1.17) (layer F.Fab)
      (effects (font (size 1 1) (thickness 0.15)))
    )
    (fp_line (start 0.93 0.47) (end -0.93 0.47) (layer F.CrtYd) (width 0.05))
    (fp_line (start 0.93 -0.47) (end 0.93 0.47) (layer F.CrtYd) (width 0.05))
    (fp_line (start -0.93 -0.47) (end 0.93 -0.47) (layer F.CrtYd) (width 0.05))
    (fp_line (start -0.93 0.47) (end -0.93 -0.47) (layer F.CrtYd) (width 0.05))
    (fp_line (start -0.153641 0.38) (end 0.153641 0.38) (layer F.SilkS) (width 0.12))
    (fp_line (start -0.153641 -0.38) (end 0.153641 -0.38) (layer F.SilkS) (width 0.12))
    (fp_line (start 0.525 0.27) (end -0.525 0.27) (layer F.Fab) (width 0.1))
    (fp_line (start 0.525 -0.27) (end 0.525 0.27) (layer F.Fab) (width 0.1))
    (fp_line (start -0.525 -0.27) (end 0.525 -0.27) (layer F.Fab) (width 0.1))
    (fp_line (start -0.525 0.27) (end -0.525 -0.27) (layer F.Fab) (width 0.1))
    (fp_text user %R (at 0 0) (layer F.Fab)
      (effects (font (size 0.26 0.26) (thickness 0.04)))
    )
    (pad 1 smd roundrect (at -0.51 0 180) (size 0.54 0.64) (layers F.Cu F.Paste F.Mask) (roundrect_rratio 0.25)
      (net 4 "Net-(R1-Pad1)"))
    (pad 2 smd roundrect (at 0.51 0 180) (size 0.54 0.64) (layers F.Cu F.Paste F.Mask) (roundrect_rratio 0.25)
      (net 8 ext_coil+))
    (model ${KISYS3DMOD}/Resistor_SMD.3dshapes/R_0402_1005Metric.wrl
      (at (xyz 0 0 0))
      (scale (xyz 1 1 1))
      (rotate (xyz 0 0 0))
    )
  )

  (module Resistor_SMD:R_0402_1005Metric (layer F.Cu) (tedit 5F68FEEE) (tstamp 60CCF36C)
    (at 111.5 109 180)
    (descr "Resistor SMD 0402 (1005 Metric), square (rectangular) end terminal, IPC_7351 nominal, (Body size source: IPC-SM-782 page 72, https://www.pcb-3d.com/wordpress/wp-content/uploads/ipc-sm-782a_amendment_1_and_2.pdf), generated with kicad-footprint-generator")
    (tags resistor)
    (path /60CA8735)
    (attr smd)
    (fp_text reference R2 (at 0 -1.17) (layer F.SilkS) hide
      (effects (font (size 1 1) (thickness 0.15)))
    )
    (fp_text value 39k (at 0 1.17) (layer F.Fab)
      (effects (font (size 1 1) (thickness 0.15)))
    )
    (fp_line (start -0.525 0.27) (end -0.525 -0.27) (layer F.Fab) (width 0.1))
    (fp_line (start -0.525 -0.27) (end 0.525 -0.27) (layer F.Fab) (width 0.1))
    (fp_line (start 0.525 -0.27) (end 0.525 0.27) (layer F.Fab) (width 0.1))
    (fp_line (start 0.525 0.27) (end -0.525 0.27) (layer F.Fab) (width 0.1))
    (fp_line (start -0.153641 -0.38) (end 0.153641 -0.38) (layer F.SilkS) (width 0.12))
    (fp_line (start -0.153641 0.38) (end 0.153641 0.38) (layer F.SilkS) (width 0.12))
    (fp_line (start -0.93 0.47) (end -0.93 -0.47) (layer F.CrtYd) (width 0.05))
    (fp_line (start -0.93 -0.47) (end 0.93 -0.47) (layer F.CrtYd) (width 0.05))
    (fp_line (start 0.93 -0.47) (end 0.93 0.47) (layer F.CrtYd) (width 0.05))
    (fp_line (start 0.93 0.47) (end -0.93 0.47) (layer F.CrtYd) (width 0.05))
    (fp_text user %R (at 0 0) (layer F.Fab)
      (effects (font (size 0.26 0.26) (thickness 0.04)))
    )
    (pad 2 smd roundrect (at 0.51 0 180) (size 0.54 0.64) (layers F.Cu F.Paste F.Mask) (roundrect_rratio 0.25)
      (net 5 "Net-(R2-Pad2)"))
    (pad 1 smd roundrect (at -0.51 0 180) (size 0.54 0.64) (layers F.Cu F.Paste F.Mask) (roundrect_rratio 0.25)
      (net 7 /IN-))
    (model ${KISYS3DMOD}/Resistor_SMD.3dshapes/R_0402_1005Metric.wrl
      (at (xyz 0 0 0))
      (scale (xyz 1 1 1))
      (rotate (xyz 0 0 0))
    )
  )

  (module Resistor_SMD:R_0402_1005Metric (layer F.Cu) (tedit 5F68FEEE) (tstamp 60CCF39C)
    (at 111.5 106)
    (descr "Resistor SMD 0402 (1005 Metric), square (rectangular) end terminal, IPC_7351 nominal, (Body size source: IPC-SM-782 page 72, https://www.pcb-3d.com/wordpress/wp-content/uploads/ipc-sm-782a_amendment_1_and_2.pdf), generated with kicad-footprint-generator")
    (tags resistor)
    (path /60CA90D5)
    (attr smd)
    (fp_text reference R3 (at 0 -1.17) (layer F.SilkS) hide
      (effects (font (size 1 1) (thickness 0.15)))
    )
    (fp_text value 300k (at 0 1.17) (layer F.Fab)
      (effects (font (size 1 1) (thickness 0.15)))
    )
    (fp_line (start -0.525 0.27) (end -0.525 -0.27) (layer F.Fab) (width 0.1))
    (fp_line (start -0.525 -0.27) (end 0.525 -0.27) (layer F.Fab) (width 0.1))
    (fp_line (start 0.525 -0.27) (end 0.525 0.27) (layer F.Fab) (width 0.1))
    (fp_line (start 0.525 0.27) (end -0.525 0.27) (layer F.Fab) (width 0.1))
    (fp_line (start -0.153641 -0.38) (end 0.153641 -0.38) (layer F.SilkS) (width 0.12))
    (fp_line (start -0.153641 0.38) (end 0.153641 0.38) (layer F.SilkS) (width 0.12))
    (fp_line (start -0.93 0.47) (end -0.93 -0.47) (layer F.CrtYd) (width 0.05))
    (fp_line (start -0.93 -0.47) (end 0.93 -0.47) (layer F.CrtYd) (width 0.05))
    (fp_line (start 0.93 -0.47) (end 0.93 0.47) (layer F.CrtYd) (width 0.05))
    (fp_line (start 0.93 0.47) (end -0.93 0.47) (layer F.CrtYd) (width 0.05))
    (fp_text user %R (at 0 0) (layer F.Fab)
      (effects (font (size 0.26 0.26) (thickness 0.04)))
    )
    (pad 2 smd roundrect (at 0.51 0) (size 0.54 0.64) (layers F.Cu F.Paste F.Mask) (roundrect_rratio 0.25)
      (net 4 "Net-(R1-Pad1)"))
    (pad 1 smd roundrect (at -0.51 0) (size 0.54 0.64) (layers F.Cu F.Paste F.Mask) (roundrect_rratio 0.25)
      (net 2 V+))
    (model ${KISYS3DMOD}/Resistor_SMD.3dshapes/R_0402_1005Metric.wrl
      (at (xyz 0 0 0))
      (scale (xyz 1 1 1))
      (rotate (xyz 0 0 0))
    )
  )

  (module Resistor_SMD:R_0402_1005Metric (layer F.Cu) (tedit 5F68FEEE) (tstamp 60CCF3CC)
    (at 111.5 107.5)
    (descr "Resistor SMD 0402 (1005 Metric), square (rectangular) end terminal, IPC_7351 nominal, (Body size source: IPC-SM-782 page 72, https://www.pcb-3d.com/wordpress/wp-content/uploads/ipc-sm-782a_amendment_1_and_2.pdf), generated with kicad-footprint-generator")
    (tags resistor)
    (path /60CAA1E5)
    (attr smd)
    (fp_text reference R4 (at 0 -1.17) (layer F.SilkS) hide
      (effects (font (size 1 1) (thickness 0.15)))
    )
    (fp_text value 300k (at 0 1.17) (layer F.Fab)
      (effects (font (size 1 1) (thickness 0.15)))
    )
    (fp_line (start 0.93 0.47) (end -0.93 0.47) (layer F.CrtYd) (width 0.05))
    (fp_line (start 0.93 -0.47) (end 0.93 0.47) (layer F.CrtYd) (width 0.05))
    (fp_line (start -0.93 -0.47) (end 0.93 -0.47) (layer F.CrtYd) (width 0.05))
    (fp_line (start -0.93 0.47) (end -0.93 -0.47) (layer F.CrtYd) (width 0.05))
    (fp_line (start -0.153641 0.38) (end 0.153641 0.38) (layer F.SilkS) (width 0.12))
    (fp_line (start -0.153641 -0.38) (end 0.153641 -0.38) (layer F.SilkS) (width 0.12))
    (fp_line (start 0.525 0.27) (end -0.525 0.27) (layer F.Fab) (width 0.1))
    (fp_line (start 0.525 -0.27) (end 0.525 0.27) (layer F.Fab) (width 0.1))
    (fp_line (start -0.525 -0.27) (end 0.525 -0.27) (layer F.Fab) (width 0.1))
    (fp_line (start -0.525 0.27) (end -0.525 -0.27) (layer F.Fab) (width 0.1))
    (fp_text user %R (at 0 0) (layer F.Fab)
      (effects (font (size 0.26 0.26) (thickness 0.04)))
    )
    (pad 1 smd roundrect (at -0.51 0) (size 0.54 0.64) (layers F.Cu F.Paste F.Mask) (roundrect_rratio 0.25)
      (net 4 "Net-(R1-Pad1)"))
    (pad 2 smd roundrect (at 0.51 0) (size 0.54 0.64) (layers F.Cu F.Paste F.Mask) (roundrect_rratio 0.25)
      (net 1 GND))
    (model ${KISYS3DMOD}/Resistor_SMD.3dshapes/R_0402_1005Metric.wrl
      (at (xyz 0 0 0))
      (scale (xyz 1 1 1))
      (rotate (xyz 0 0 0))
    )
  )

  (module Resistor_SMD:R_0402_1005Metric (layer F.Cu) (tedit 5F68FEEE) (tstamp 60CC97C9)
    (at 109 110 180)
    (descr "Resistor SMD 0402 (1005 Metric), square (rectangular) end terminal, IPC_7351 nominal, (Body size source: IPC-SM-782 page 72, https://www.pcb-3d.com/wordpress/wp-content/uploads/ipc-sm-782a_amendment_1_and_2.pdf), generated with kicad-footprint-generator")
    (tags resistor)
    (path /60CAA986)
    (attr smd)
    (fp_text reference R5 (at 0 -1.17) (layer F.SilkS) hide
      (effects (font (size 1 1) (thickness 0.15)))
    )
    (fp_text value 150k (at 0 1.17) (layer F.Fab)
      (effects (font (size 1 1) (thickness 0.15)))
    )
    (fp_line (start 0.93 0.47) (end -0.93 0.47) (layer F.CrtYd) (width 0.05))
    (fp_line (start 0.93 -0.47) (end 0.93 0.47) (layer F.CrtYd) (width 0.05))
    (fp_line (start -0.93 -0.47) (end 0.93 -0.47) (layer F.CrtYd) (width 0.05))
    (fp_line (start -0.93 0.47) (end -0.93 -0.47) (layer F.CrtYd) (width 0.05))
    (fp_line (start -0.153641 0.38) (end 0.153641 0.38) (layer F.SilkS) (width 0.12))
    (fp_line (start -0.153641 -0.38) (end 0.153641 -0.38) (layer F.SilkS) (width 0.12))
    (fp_line (start 0.525 0.27) (end -0.525 0.27) (layer F.Fab) (width 0.1))
    (fp_line (start 0.525 -0.27) (end 0.525 0.27) (layer F.Fab) (width 0.1))
    (fp_line (start -0.525 -0.27) (end 0.525 -0.27) (layer F.Fab) (width 0.1))
    (fp_line (start -0.525 0.27) (end -0.525 -0.27) (layer F.Fab) (width 0.1))
    (fp_text user %R (at 0 0) (layer F.Fab)
      (effects (font (size 0.26 0.26) (thickness 0.04)))
    )
    (pad 1 smd roundrect (at -0.51 0 180) (size 0.54 0.64) (layers F.Cu F.Paste F.Mask) (roundrect_rratio 0.25)
      (net 5 "Net-(R2-Pad2)"))
    (pad 2 smd roundrect (at 0.51 0 180) (size 0.54 0.64) (layers F.Cu F.Paste F.Mask) (roundrect_rratio 0.25)
      (net 3 "Net-(C3-Pad2)"))
    (model ${KISYS3DMOD}/Resistor_SMD.3dshapes/R_0402_1005Metric.wrl
      (at (xyz 0 0 0))
      (scale (xyz 1 1 1))
      (rotate (xyz 0 0 0))
    )
  )

  (module Resistor_SMD:R_0402_1005Metric (layer F.Cu) (tedit 5F68FEEE) (tstamp 60CC9769)
    (at 109 111.5)
    (descr "Resistor SMD 0402 (1005 Metric), square (rectangular) end terminal, IPC_7351 nominal, (Body size source: IPC-SM-782 page 72, https://www.pcb-3d.com/wordpress/wp-content/uploads/ipc-sm-782a_amendment_1_and_2.pdf), generated with kicad-footprint-generator")
    (tags resistor)
    (path /60CE0F70)
    (attr smd)
    (fp_text reference R6 (at 0 -1.17) (layer F.SilkS) hide
      (effects (font (size 1 1) (thickness 0.15)))
    )
    (fp_text value 10k (at 0 1.17) (layer F.Fab)
      (effects (font (size 1 1) (thickness 0.15)))
    )
    (fp_line (start 0.93 0.47) (end -0.93 0.47) (layer F.CrtYd) (width 0.05))
    (fp_line (start 0.93 -0.47) (end 0.93 0.47) (layer F.CrtYd) (width 0.05))
    (fp_line (start -0.93 -0.47) (end 0.93 -0.47) (layer F.CrtYd) (width 0.05))
    (fp_line (start -0.93 0.47) (end -0.93 -0.47) (layer F.CrtYd) (width 0.05))
    (fp_line (start -0.153641 0.38) (end 0.153641 0.38) (layer F.SilkS) (width 0.12))
    (fp_line (start -0.153641 -0.38) (end 0.153641 -0.38) (layer F.SilkS) (width 0.12))
    (fp_line (start 0.525 0.27) (end -0.525 0.27) (layer F.Fab) (width 0.1))
    (fp_line (start 0.525 -0.27) (end 0.525 0.27) (layer F.Fab) (width 0.1))
    (fp_line (start -0.525 -0.27) (end 0.525 -0.27) (layer F.Fab) (width 0.1))
    (fp_line (start -0.525 0.27) (end -0.525 -0.27) (layer F.Fab) (width 0.1))
    (fp_text user %R (at 0 0) (layer F.Fab)
      (effects (font (size 0.26 0.26) (thickness 0.04)))
    )
    (pad 1 smd roundrect (at -0.51 0) (size 0.54 0.64) (layers F.Cu F.Paste F.Mask) (roundrect_rratio 0.25)
      (net 10 out))
    (pad 2 smd roundrect (at 0.51 0) (size 0.54 0.64) (layers F.Cu F.Paste F.Mask) (roundrect_rratio 0.25)
      (net 1 GND))
    (model ${KISYS3DMOD}/Resistor_SMD.3dshapes/R_0402_1005Metric.wrl
      (at (xyz 0 0 0))
      (scale (xyz 1 1 1))
      (rotate (xyz 0 0 0))
    )
  )

  (module Resistor_SMD:R_0402_1005Metric (layer F.Cu) (tedit 5F68FEEE) (tstamp 60CC9709)
    (at 109 113 180)
    (descr "Resistor SMD 0402 (1005 Metric), square (rectangular) end terminal, IPC_7351 nominal, (Body size source: IPC-SM-782 page 72, https://www.pcb-3d.com/wordpress/wp-content/uploads/ipc-sm-782a_amendment_1_and_2.pdf), generated with kicad-footprint-generator")
    (tags resistor)
    (path /60CE1D3D)
    (attr smd)
    (fp_text reference R7 (at 0 -1.17) (layer F.SilkS) hide
      (effects (font (size 1 1) (thickness 0.15)))
    )
    (fp_text value 4.7k (at 0 1.17) (layer F.Fab)
      (effects (font (size 1 1) (thickness 0.15)))
    )
    (fp_line (start -0.525 0.27) (end -0.525 -0.27) (layer F.Fab) (width 0.1))
    (fp_line (start -0.525 -0.27) (end 0.525 -0.27) (layer F.Fab) (width 0.1))
    (fp_line (start 0.525 -0.27) (end 0.525 0.27) (layer F.Fab) (width 0.1))
    (fp_line (start 0.525 0.27) (end -0.525 0.27) (layer F.Fab) (width 0.1))
    (fp_line (start -0.153641 -0.38) (end 0.153641 -0.38) (layer F.SilkS) (width 0.12))
    (fp_line (start -0.153641 0.38) (end 0.153641 0.38) (layer F.SilkS) (width 0.12))
    (fp_line (start -0.93 0.47) (end -0.93 -0.47) (layer F.CrtYd) (width 0.05))
    (fp_line (start -0.93 -0.47) (end 0.93 -0.47) (layer F.CrtYd) (width 0.05))
    (fp_line (start 0.93 -0.47) (end 0.93 0.47) (layer F.CrtYd) (width 0.05))
    (fp_line (start 0.93 0.47) (end -0.93 0.47) (layer F.CrtYd) (width 0.05))
    (fp_text user %R (at 0 0) (layer F.Fab)
      (effects (font (size 0.26 0.26) (thickness 0.04)))
    )
    (pad 2 smd roundrect (at 0.51 0 180) (size 0.54 0.64) (layers F.Cu F.Paste F.Mask) (roundrect_rratio 0.25)
      (net 10 out))
    (pad 1 smd roundrect (at -0.51 0 180) (size 0.54 0.64) (layers F.Cu F.Paste F.Mask) (roundrect_rratio 0.25)
      (net 11 mix))
    (model ${KISYS3DMOD}/Resistor_SMD.3dshapes/R_0402_1005Metric.wrl
      (at (xyz 0 0 0))
      (scale (xyz 1 1 1))
      (rotate (xyz 0 0 0))
    )
  )

  (module Package_TO_SOT_SMD:SOT-23-5 (layer F.Cu) (tedit 5A02FF57) (tstamp 60CC5083)
    (at 108 107)
    (descr "5-pin SOT23 package")
    (tags SOT-23-5)
    (path /60CA2D4C)
    (attr smd)
    (fp_text reference U1 (at 0 -2.9) (layer F.SilkS) hide
      (effects (font (size 1 1) (thickness 0.15)))
    )
    (fp_text value TLV170DBV (at 0 2.9) (layer F.Fab)
      (effects (font (size 1 1) (thickness 0.15)))
    )
    (fp_line (start 0.9 -1.55) (end 0.9 1.55) (layer F.Fab) (width 0.1))
    (fp_line (start 0.9 1.55) (end -0.9 1.55) (layer F.Fab) (width 0.1))
    (fp_line (start -0.9 -0.9) (end -0.9 1.55) (layer F.Fab) (width 0.1))
    (fp_line (start 0.9 -1.55) (end -0.25 -1.55) (layer F.Fab) (width 0.1))
    (fp_line (start -0.9 -0.9) (end -0.25 -1.55) (layer F.Fab) (width 0.1))
    (fp_line (start -1.9 1.8) (end -1.9 -1.8) (layer F.CrtYd) (width 0.05))
    (fp_line (start 1.9 1.8) (end -1.9 1.8) (layer F.CrtYd) (width 0.05))
    (fp_line (start 1.9 -1.8) (end 1.9 1.8) (layer F.CrtYd) (width 0.05))
    (fp_line (start -1.9 -1.8) (end 1.9 -1.8) (layer F.CrtYd) (width 0.05))
    (fp_line (start 0.9 -1.61) (end -1.55 -1.61) (layer F.SilkS) (width 0.12))
    (fp_line (start -0.9 1.61) (end 0.9 1.61) (layer F.SilkS) (width 0.12))
    (fp_text user %R (at 0 0 90) (layer F.Fab)
      (effects (font (size 0.5 0.5) (thickness 0.075)))
    )
    (pad 1 smd rect (at -1.1 -0.95) (size 1.06 0.65) (layers F.Cu F.Paste F.Mask)
      (net 3 "Net-(C3-Pad2)"))
    (pad 2 smd rect (at -1.1 0) (size 1.06 0.65) (layers F.Cu F.Paste F.Mask)
      (net 1 GND))
    (pad 3 smd rect (at -1.1 0.95) (size 1.06 0.65) (layers F.Cu F.Paste F.Mask)
      (net 4 "Net-(R1-Pad1)"))
    (pad 4 smd rect (at 1.1 0.95) (size 1.06 0.65) (layers F.Cu F.Paste F.Mask)
      (net 5 "Net-(R2-Pad2)"))
    (pad 5 smd rect (at 1.1 -0.95) (size 1.06 0.65) (layers F.Cu F.Paste F.Mask)
      (net 2 V+))
    (model ${KISYS3DMOD}/Package_TO_SOT_SMD.3dshapes/SOT-23-5.wrl
      (at (xyz 0 0 0))
      (scale (xyz 1 1 1))
      (rotate (xyz 0 0 0))
    )
  )

  (module cycfi_library:mounting_hole_2.1mm (layer B.Cu) (tedit 60CBECE7) (tstamp 60CC5A1D)
    (at 103 103)
    (descr "Mounting Hole 2.1mm, no annular")
    (tags "mounting hole 2.1mm no annular")
    (path /60CC8E41)
    (attr virtual)
    (fp_text reference H1 (at 0 3.2) (layer B.SilkS) hide
      (effects (font (size 1 1) (thickness 0.15)) (justify mirror))
    )
    (fp_text value MountingHole (at 0 -3.2) (layer B.Fab) hide
      (effects (font (size 1 1) (thickness 0.15)) (justify mirror))
    )
    (fp_circle (center 0 0) (end 2.35 0) (layer B.CrtYd) (width 0.05))
    (fp_text user %R (at 0.3 0) (layer B.Fab) hide
      (effects (font (size 1 1) (thickness 0.15)) (justify mirror))
    )
    (pad "" np_thru_hole circle (at 0 0) (size 2.1 2.1) (drill 2.1) (layers *.Cu *.Mask))
  )

  (module cycfi_library:mounting_hole_2.1mm (layer B.Cu) (tedit 60CBECE7) (tstamp 60CC5A23)
    (at 103 115)
    (descr "Mounting Hole 2.1mm, no annular")
    (tags "mounting hole 2.1mm no annular")
    (path /60CC94F0)
    (attr virtual)
